function Qint = Qint(E,L,e1,e2,e3,e4,e5,e6,e7,e8,e9,e10,e11,e12,v,x,y)
%QINT
%    QINT = QINT(E,L,E1,E2,E3,E4,E5,E6,E7,E8,E9,E10,E11,E12,V,X,Y)

%    This function was generated by the Symbolic Math Toolbox version 8.1.
%    24-Jul-2018 10:11:04

t4 = 1.0./L;
t5 = t4.*x.*4.0;
t2 = t5-3.0;
t3 = 1.0./L.^2;
t6 = t2.^2;
t7 = y.^2;
t8 = t5-1.0;
t9 = t4.*x.*8.0;
t10 = t9-4.0;
t11 = t8.^2;
t12 = t10.^2;
t13 = 1.0./L.^4;
t14 = v.^2;
t15 = t14-1.0;
t16 = 1.0./t15;
t17 = L.*3.0;
t27 = x.*4.0;
t18 = t17-t27;
t19 = t4.*x;
t20 = x.^2;
t22 = t3.*t20.*2.0;
t21 = t19-t22;
t24 = t4.*x.*3.0;
t23 = t22-t24+1.0;
t26 = t3.*t20.*4.0;
t25 = t5-t26;
t28 = t23.^2;
t29 = t21.^2;
t30 = t25.^2;
t31 = L.*e1.*3.0;
t32 = L.*e9;
t33 = e5.*x.*8.0;
t34 = L.*e3.*y.*3.0;
t35 = L.*e11.*y;
t36 = e7.*x.*y.*8.0;
t180 = L.*e5.*4.0;
t181 = e1.*x.*4.0;
t182 = e9.*x.*4.0;
t183 = L.*e7.*y.*4.0;
t184 = e3.*x.*y.*4.0;
t185 = e11.*x.*y.*4.0;
t37 = t31+t32+t33+t34+t35+t36-t180-t181-t182-t183-t184-t185;
t38 = e1.*t3.*t6.*y;
t39 = e3.*t3.*t6.*t7;
t40 = e11.*t2.*t3.*t7.*t8;
t41 = e9.*t2.*t3.*t8.*y;
t199 = e7.*t2.*t3.*t7.*t10;
t200 = e5.*t2.*t3.*t10.*y;
t42 = t38+t39+t40+t41-t199-t200;
t43 = e3.*t42.*(1.0./2.0);
t44 = e9.*t3.*t11.*y;
t45 = e11.*t3.*t7.*t11;
t46 = e3.*t2.*t3.*t7.*t8;
t47 = e1.*t2.*t3.*t8.*y;
t201 = e7.*t3.*t7.*t8.*t10;
t202 = e5.*t3.*t8.*t10.*y;
t48 = t44+t45+t46+t47-t201-t202;
t49 = e11.*t48.*(1.0./2.0);
t50 = e2.*t3.*t6.*y;
t51 = e4.*t3.*t6.*t7;
t52 = e12.*t2.*t3.*t7.*t8;
t53 = e10.*t2.*t3.*t8.*y;
t203 = e8.*t2.*t3.*t7.*t10;
t204 = e6.*t2.*t3.*t10.*y;
t54 = t50+t51+t52+t53-t203-t204;
t55 = e4.*t54.*(1.0./2.0);
t56 = e10.*t3.*t11.*y;
t57 = e12.*t3.*t7.*t11;
t58 = e4.*t2.*t3.*t7.*t8;
t59 = e2.*t2.*t3.*t8.*y;
t205 = e8.*t3.*t7.*t8.*t10;
t206 = e6.*t3.*t8.*t10.*y;
t60 = t56+t57+t58+t59-t205-t206;
t61 = e12.*t60.*(1.0./2.0);
t62 = e3.*t2.*t3.*t7.*t10;
t63 = e11.*t3.*t7.*t8.*t10;
t64 = e1.*t2.*t3.*t10.*y;
t65 = e9.*t3.*t8.*t10.*y;
t207 = e5.*t3.*t12.*y;
t208 = e7.*t3.*t7.*t12;
t66 = t62+t63+t64+t65-t207-t208;
t67 = e4.*t2.*t3.*t7.*t10;
t68 = e12.*t3.*t7.*t8.*t10;
t69 = e2.*t2.*t3.*t10.*y;
t70 = e10.*t3.*t8.*t10.*y;
t210 = e6.*t3.*t12.*y;
t211 = e8.*t3.*t7.*t12;
t71 = t67+t68+t69+t70-t210-t211;
t72 = e1.*t3.*t6;
t73 = e3.*t3.*t6.*y;
t74 = e9.*t2.*t3.*t8;
t75 = e11.*t2.*t3.*t8.*y;
t213 = e5.*t2.*t3.*t10;
t214 = e7.*t2.*t3.*t10.*y;
t76 = t72+t73+t74+t75-t213-t214;
t77 = e1.*t76.*(1.0./2.0);
t78 = e9.*t3.*t11;
t79 = e11.*t3.*t11.*y;
t80 = e1.*t2.*t3.*t8;
t81 = e3.*t2.*t3.*t8.*y;
t215 = e5.*t3.*t8.*t10;
t216 = e7.*t3.*t8.*t10.*y;
t82 = t78+t79+t80+t81-t215-t216;
t83 = e9.*t82.*(1.0./2.0);
t84 = e2.*t3.*t6;
t85 = e4.*t3.*t6.*y;
t86 = e10.*t2.*t3.*t8;
t87 = e12.*t2.*t3.*t8.*y;
t217 = e6.*t2.*t3.*t10;
t218 = e8.*t2.*t3.*t10.*y;
t88 = t84+t85+t86+t87-t217-t218;
t89 = e2.*t88.*(1.0./2.0);
t90 = e10.*t3.*t11;
t91 = e12.*t3.*t11.*y;
t92 = e2.*t2.*t3.*t8;
t93 = e4.*t2.*t3.*t8.*y;
t219 = e6.*t3.*t8.*t10;
t220 = e8.*t3.*t8.*t10.*y;
t94 = t90+t91+t92+t93-t219-t220;
t95 = e10.*t94.*(1.0./2.0);
t96 = e1.*t2.*t3.*t10;
t97 = e9.*t3.*t8.*t10;
t98 = e3.*t2.*t3.*t10.*y;
t99 = e11.*t3.*t8.*t10.*y;
t221 = e5.*t3.*t12;
t222 = e7.*t3.*t12.*y;
t100 = t96+t97+t98+t99-t221-t222;
t101 = e2.*t2.*t3.*t10;
t102 = e10.*t3.*t8.*t10;
t103 = e4.*t2.*t3.*t10.*y;
t104 = e12.*t3.*t8.*t10.*y;
t224 = e6.*t3.*t12;
t225 = e8.*t3.*t12.*y;
t105 = t101+t102+t103+t104-t224-t225;
t209 = e7.*t66.*(1.0./2.0);
t212 = e8.*t71.*(1.0./2.0);
t223 = e5.*t100.*(1.0./2.0);
t226 = e6.*t105.*(1.0./2.0);
t106 = t43+t49+t55+t61+t77+t83+t89+t95-t209-t212-t223-t226-1.0./2.0;
t107 = v.*(1.0./2.0);
t108 = t107-1.0./2.0;
t109 = e1.*t2.*t4.*t21.*(1.0./2.0);
t110 = e9.*t4.*t8.*t21.*(1.0./2.0);
t111 = e3.*t2.*t4.*t21.*y.*(1.0./2.0);
t112 = e11.*t4.*t8.*t21.*y.*(1.0./2.0);
t227 = e5.*t4.*t10.*t21.*(1.0./2.0);
t228 = e7.*t4.*t10.*t21.*y.*(1.0./2.0);
t113 = t109+t110+t111+t112-t227-t228;
t114 = e2.*t2.*t4.*t21.*(1.0./2.0);
t115 = e10.*t4.*t8.*t21.*(1.0./2.0);
t116 = e4.*t2.*t4.*t21.*y.*(1.0./2.0);
t117 = e12.*t4.*t8.*t21.*y.*(1.0./2.0);
t230 = e6.*t4.*t10.*t21.*(1.0./2.0);
t231 = e8.*t4.*t10.*t21.*y.*(1.0./2.0);
t118 = t114+t115+t116+t117-t230-t231;
t119 = e1.*t2.*t4.*t23.*(1.0./2.0);
t120 = e9.*t4.*t8.*t23.*(1.0./2.0);
t121 = e3.*t2.*t4.*t23.*y.*(1.0./2.0);
t122 = e11.*t4.*t8.*t23.*y.*(1.0./2.0);
t233 = e5.*t4.*t10.*t23.*(1.0./2.0);
t234 = e7.*t4.*t10.*t23.*y.*(1.0./2.0);
t123 = t119+t120+t121+t122-t233-t234;
t124 = e3.*t123;
t125 = e2.*t2.*t4.*t23.*(1.0./2.0);
t126 = e10.*t4.*t8.*t23.*(1.0./2.0);
t127 = e4.*t2.*t4.*t23.*y.*(1.0./2.0);
t128 = e12.*t4.*t8.*t23.*y.*(1.0./2.0);
t235 = e6.*t4.*t10.*t23.*(1.0./2.0);
t236 = e8.*t4.*t10.*t23.*y.*(1.0./2.0);
t129 = t125+t126+t127+t128-t235-t236;
t130 = e4.*t129;
t131 = e1.*t2.*t4.*t25.*(1.0./2.0);
t132 = e9.*t4.*t8.*t25.*(1.0./2.0);
t133 = e3.*t2.*t4.*t25.*y.*(1.0./2.0);
t134 = e11.*t4.*t8.*t25.*y.*(1.0./2.0);
t237 = e5.*t4.*t10.*t25.*(1.0./2.0);
t238 = e7.*t4.*t10.*t25.*y.*(1.0./2.0);
t135 = t131+t132+t133+t134-t237-t238;
t136 = e7.*t135;
t137 = e2.*t2.*t4.*t25.*(1.0./2.0);
t138 = e10.*t4.*t8.*t25.*(1.0./2.0);
t139 = e4.*t2.*t4.*t25.*y.*(1.0./2.0);
t140 = e12.*t4.*t8.*t25.*y.*(1.0./2.0);
t239 = e6.*t4.*t10.*t25.*(1.0./2.0);
t240 = e8.*t4.*t10.*t25.*y.*(1.0./2.0);
t141 = t137+t138+t139+t140-t239-t240;
t142 = e8.*t141;
t229 = e11.*t113;
t232 = e12.*t118;
t143 = t124+t130+t136+t142-t229-t232;
t144 = L.^2;
t145 = e3.*t28;
t146 = e7.*t23.*t25;
t186 = e11.*t21.*t23;
t147 = t145+t146-t186;
t148 = e3.*t147.*(1.0./2.0);
t149 = e3.*t21.*t23;
t150 = e7.*t21.*t25;
t187 = e11.*t29;
t151 = t149+t150-t187;
t152 = e4.*t28;
t153 = e8.*t23.*t25;
t189 = e12.*t21.*t23;
t154 = t152+t153-t189;
t155 = e4.*t154.*(1.0./2.0);
t156 = e4.*t21.*t23;
t157 = e8.*t21.*t25;
t190 = e12.*t29;
t158 = t156+t157-t190;
t159 = e7.*t30;
t160 = e3.*t23.*t25;
t192 = e11.*t21.*t25;
t161 = t159+t160-t192;
t162 = e7.*t161.*(1.0./2.0);
t163 = e8.*t30;
t164 = e4.*t23.*t25;
t193 = e12.*t21.*t25;
t165 = t163+t164-t193;
t166 = e8.*t165.*(1.0./2.0);
t188 = e11.*t151.*(1.0./2.0);
t191 = e12.*t158.*(1.0./2.0);
t167 = t148+t155+t162+t166-t188-t191-1.0./2.0;
t168 = L.*e2.*3.0;
t169 = L.*e10;
t170 = e6.*x.*8.0;
t171 = L.*e4.*y.*3.0;
t172 = L.*e12.*y;
t173 = e8.*x.*y.*8.0;
t247 = L.*e6.*4.0;
t248 = e2.*x.*4.0;
t249 = e10.*x.*4.0;
t250 = L.*e8.*y.*4.0;
t251 = e4.*x.*y.*4.0;
t252 = e12.*x.*y.*4.0;
t174 = t168+t169+t170+t171+t172+t173-t247-t248-t249-t250-t251-t252;
t175 = e3.*t144;
t176 = e3.*t20.*2.0;
t177 = e11.*t20.*2.0;
t178 = L.*e7.*x.*4.0;
t196 = e7.*t20.*4.0;
t197 = L.*e3.*x.*3.0;
t198 = L.*e11.*x;
t179 = t175+t176+t177+t178-t196-t197-t198;
t194 = t20.*2.0;
t241 = L.*x.*3.0;
t195 = t144+t194-t241;
t242 = e4.*t144;
t243 = e4.*t20.*2.0;
t244 = e12.*t20.*2.0;
t245 = L.*e8.*x.*4.0;
t253 = e8.*t20.*4.0;
t254 = L.*e4.*x.*3.0;
t255 = L.*e12.*x;
t246 = t242+t243+t244+t245-t253-t254-t255;
t257 = x.*2.0;
t256 = L-t257;
t258 = L-x;
t259 = L-t27;
t260 = e5.*t20.*x.*1.6e1;
t261 = e7.*t20.*x.*y.*3.2e1;
t262 = e1.*t144.*x.*3.0;
t263 = e9.*t144.*x;
t264 = e11.*t144.*x.*y.*2.0;
t265 = e6.*t20.*x.*1.6e1;
t266 = e8.*t20.*x.*y.*3.2e1;
t267 = e2.*t144.*x.*3.0;
t268 = e10.*t144.*x;
t269 = e12.*t144.*x.*y.*2.0;
